--- misc2 ---
Comparing misc2_1 with misc2_2
1                                       1
0                                       0
0                                       0
0                                       0
1                                       1
0                                       0
0                                       0
0                                       0
0                                       0
1                                       1
0                                       0
1                                       1
1                                       1
0                                       0
1                                       1
1                                       1
1                                       1
1                                       1
1                                       1
0                                       0
0                                       0
1                                       1
0                                       0
0                                       0
0                                       0
0                                       0
0                                       0
0                                       0
0                                       0
0                                       0
0                                       0
0                                       0
1                                       1
0                                       0
1                                       1
0                                       0
0                                       0
0                                       0
1                                       1
1                                       1
0                                       0
0                                       0
0                                       0
0                                       0
1                                       1
0                                       0
0                                       0
0                                       0
0                                       0
0                                       0
0                                       0
0                                       0
0                                       1
0                                       0
0                                       0
0                                       0
1                                       1
1                                       1
1                                       1
0                                       0
0                                       1
1                                       1
1                                       1
1                                       1
Frame Break
1                                       1
0                                       0
0                                       0
0                                       0
1                                       1
0                                       0
0                                       0
0                                       0
0                                       0
1                                       1
0                                       0
1                                       1
1                                       1
0                                       0
1                                       1
1                                       1
1                                       1
1                                       1
1                                       1
0                                       0
0                                       0
1                                       1
0                                       0
0                                       0
0                                       0
0                                       0
0                                       0
0                                       0
0                                       0
0                                       0
0                                       0
0                                       0
0                                       0
1                                       1
0                                       0
0                                       0
0                                       0
0                                       0
1                                       1
0                                       0
1                                       1
0                                       0
0                                       0
1                                       1
0                                       0
1                                       1
1                                       1
0                                       0
1                                       1
0                                       0
1                                       1
1                                       1
0                                       0
1                                       1
0                                       0
0                                       0
0                                       0
1                                       1
0                                       0
1                                       1
0                                       0
1                                       1
1                                       1
1                                       1
Frame Break
1                                       1
0                                       0
0                                       0
0                                       0
1                                       1
0                                       0
0                                       0
0                                       0
0                                       0
1                                       1
0                                       0
1                                       1
1                                       1
0                                       0
1                                       1
1                                       1
1                                       1
1                                       1
1                                       1
0                                       0
0                                       0
1                                       1
0                                       0
0                                       0
0                                       0
0                                       0
0                                       0
0                                       0
0                                       0
0                                       0
0                                       0
0                                       0
0                                       0
0                                       0
0                                       0
0                                       0
0                                       0
0                                       0
0                                       0
0                                       0
1                                       1
0                                       0
0                                       0
1                                       1
1                                       1
1                                       1
0                                       0
0                                       0
0                                       0
1                                       1
0                                       0
0                                       0
1                                       1
1                                       1
0                                       0
0                                       0
0                                       0
0                                       0
0                                       0
0                                       0
0                                       0
0                                       0
0                                       0
0                                       0
0                                       0
0                                       0
0                                       0
0                                       0
0                                       0
1                                       1
0                                       0
1                                       1
0                                       0
0                                       0
0                                       0
0                                       0
0                                       0
0                                       0
0                                       0
0                                       0
0                                       0
0                                       0
0                                       0
0                                       0
0                                       0
0                                       0
0                                       0
0                                       0
0                                       0
1                                       1
1                                       1
0                                       0
0                                       0
0                                       0
0                                       0
0                                       0
0                                       0
0                                       0
0                                       0
0                                       0
0                                       0
1                                       1
1                                       1
0                                       0
0                                       0
0                                       0
0                                       0
0                                       0
0                                       0
0                                       0
0                                       0
0                                       0
0                                       0
0                                       0
0                                       0
0                                       0
0                                       0
0                                       0
0                                       0
0                                       0
1                                       1
0                                       0
1                                       1
0                                       0
0                                       0
0                                       0
1                                       1
1                                       1
0                                       0
0                                       1
0                                       0
0                                       0
0                                       0
0                                       0
0                                       0
0                                       0
0                                       0
0                                       0
0                                       0
1                                       1
0                                       0
0                                       0
0                                       0
0                                       0
0                                       0
0                                       1
0                                       0
0                                       0
1                                       1
0                                       0
1                                       1
0                                       0

